The Eastern Plaguelands  (916,1902)  (880,1883)  (936,1938)  (900,1938)  (916,1866)  (952,1861)  (868,1847)  (943,1974)  (907,1974)  (904,1830)  (944,1825)  (980,1825)  (945,2010)  (909,2010) 
Stratholme City  (402,1410)  (366,1443)  (438,1399)  (438,1435)  (474,1420) 
The Marris Stead  (401,1981)  (365,2016)  (365,1980)  (436,2017)  (401,1945)  (437,1963)  (363,1944) 
Northdale  (986,1627)  (950,1662)  (950,1626)  (948,1590) 
Zul'Marshar  (979,1442)  (943,1477)  (943,1441)  (1015,1425)  (1015,1461)  (1051,1460) 
Elder's Square  (950,619)  (986,615) 
Eastwall Tower  (881,1692)  (845,1682)  (916,1728)  (880,1728)  (834,1646)  (870,1646)  (952,1707)  (931,1764)  (895,1764)  (821,1610)  (857,1610)  (820,1574)  (856,1574) 
Plaguewood  (502,1560)  (466,1595)  (466,1559)  (537,1596)  (502,1524)  (538,1543)  (430,1606)  (430,1570)  (573,1579)  (573,1615)  (394,1591)  (394,1555)  (358,1584) 
South west plague mountains  (720,2157)  (684,2187)  (684,2151)  (720,2121)  (756,2121)  (756,2157)  (677,2115)  (648,2187)  (648,2151)  (792,2151)  (792,2187)  (641,2115)  (612,2187)  (455,2187)  (433,2151)  (419,2187)  (383,2187)  (347,2187)  (312,2151)  (301,2115)  (265,2129)  (265,2093)  (232,2057)  (204,2021)  (196,2058)  (160,2057) 
Lake Mereldar  (916,2076)  (838,2114)  (763,2065)  (727,2060) 
The Crimson Throne  (296,847)  (320,883)  (284,883)  (266,811)  (288,919) 
South Plaguewood  (447,1678)  (411,1704)  (411,1668)  (478,1642)  (483,1678)  (375,1702)  (375,1666)  (519,1645)  (519,1681)  (358,1630)  (339,1688)  (555,1669)  (591,1674) 
The Noxious Glade  (1122,1727)  (1086,1744)  (1086,1708)  (1122,1691)  (1158,1691)  (1158,1727)  (1102,1655)  (1138,1655)  (1174,1655)  (1194,1691)  (1118,1619) 
Eastwall Gate  (705,1564)  (669,1599)  (669,1563)  (740,1600)  (705,1528)  (741,1528)  (741,1564)  (667,1527)  (776,1600)  (703,1492)  (739,1492)  (775,1492)  (777,1528)  (777,1564)  (648,1491) 
East plague mountains  (1187,1922)  (1151,1957)  (1151,1921)  (1222,1958)  (1187,1886)  (1186,1993)  (1150,1993)  (1250,1994)  (1165,1850)  (1142,1814)  (1178,1814)  (1084,1811)  (1214,1783)  (1210,1747)  (1246,1744)  (1256,1708) 
Harbour  (636,404) 
Tyr's Hand  (1061,2074)  (1025,2103)  (1025,2067)  (1096,2110)  (1097,2044)  (989,2090)  (1133,2044) 
South east plague mountains  (976,2168)  (940,2187)  (940,2151)  (1012,2142)  (1012,2178)  (904,2187)  (904,2151)  (1048,2148)  (1048,2184)  (868,2187)  (1084,2158)  (1120,2160)  (1156,2160)  (1192,2162)  (1228,2168)  (1264,2172) 
Slaughterhouse  (729,250)  (693,251) 
Stratholme Gate  (310,1509) 
Light's Hope Chapel  (1049,1937)  (1013,1972)  (1064,1973)  (1074,1879)  (1110,1868) 
The Scarlet Basilica  (1196,2084)  (1160,2119)  (1198,2120)  (1195,2048)  (1232,2082) 
Slaughter Square  (804,253)  (775,289)  (771,217) 
North plague mountains  (724,1356)  (688,1391)  (688,1355)  (759,1392)  (724,1320)  (760,1320)  (760,1356)  (686,1319)  (723,1427)  (687,1427)  (652,1391)  (652,1355)  (795,1392)  (795,1428)  (759,1428)  (651,1428)  (722,1284)  (758,1284)  (794,1284)  (796,1320)  (796,1356)  (650,1319)  (650,1283)  (686,1283)  (616,1392)  (616,1356)  (831,1392)  (831,1428)  (831,1464)  (615,1451)  (832,1295)  (832,1331)  (614,1320)  (614,1284)  (605,1487)  (580,1415)  (580,1379)  (867,1367)  (867,1467)  (579,1451)  (868,1301)  (578,1343)  (578,1307)  (858,1503)  (569,1497)  (544,1415)  (544,1379)  (903,1337)  (903,1373)  (904,1301)  (542,1343)  (542,1307) 
Market Row  (540,604)  (685,592) 
King's Square  (672,781)  (631,774)  (593,822)  (667,872) 
Tirion's Cottage  (242,1941)  (206,1961)  (206,1925)  (277,1977)  (278,1925)  (170,1960)  (170,1924) 
Crusader's Square  (430,616)  (394,611)  (430,652) 
Festival Lane  (835,644)  (799,654)  (772,564) 
The Scarlet Bastion  (347,655)  (311,664)  (373,691)  (337,700) 
North east plague mountains  (1132,1526)  (1096,1561)  (1096,1525)  (1167,1562)  (1132,1490)  (1168,1492)  (1062,1597)  (1060,1561)  (1060,1525)  (1203,1528)  (1203,1564)  (1106,1454)  (1216,1600)  (1060,1633)  (1024,1557)  (1024,1521)  (1086,1418)  (1122,1418)  (1241,1636)  (988,1545)  (1084,1382)  (1018,1689)  (952,1545)  (1022,1725) 
Terrordale  (247,1609)  (211,1635)  (211,1599)  (282,1645)  (255,1573)  (283,1609)  (175,1622) 
Undercroft  (358,2095)  (394,2076)  (430,2075) 
Crown Guard Tower  (578,2013)  (542,2048)  (542,2012)  (613,2049)  (578,1977)  (614,1977)  (614,2013)  (540,1976)  (506,2076)  (506,2040)  (649,2049)  (650,2006)  (504,2004)  (504,1968) 
The Hoard  (205,749)  (169,779)  (169,743)  (241,751) 
The Fungus Vale  (519,1809)  (502,1845)  (510,1773)  (546,1773)  (555,1809) 
North west plague mountains  (185,1445)  (149,1480)  (149,1444)  (220,1481)  (185,1409)  (221,1409)  (221,1445)  (147,1408)  (184,1516)  (148,1516)  (113,1480)  (113,1444)  (112,1517)  (183,1373)  (219,1373)  (255,1373)  (257,1409)  (257,1445)  (111,1408)  (111,1372)  (147,1372)  (291,1339)  (209,1552)  (77,1481)  (77,1445)  (123,1553)  (87,1553)  (76,1517)  (183,1337)  (219,1337)  (255,1337)  (293,1375)  (293,1411)  (112,1336)  (327,1316)  (105,1589)  (69,1589)  (329,1352)  (363,1314)  (105,1625)  (69,1625) 
Corin's Crossing  (809,1950)  (773,1985)  (844,1986)  (816,1914)  (845,1950)  (737,2015) 
Blackwood Lake  (728,1829)  (692,1864)  (692,1828)  (763,1865)  (728,1793)  (764,1793)  (764,1829)  (690,1792)  (692,1900)  (799,1865)  (726,1757)  (762,1757)  (798,1757)  (800,1793)  (800,1829)  (654,1759)  (690,1756)  (656,1913)  (643,1723)  (726,1721)  (762,1721)  (798,1721)  (679,1720)  (641,1687)  (715,1685)  (751,1685)  (677,1684)  (641,1651) 
Ash'ari Ziggurat 3  (1021,241) 
The Gauntlet  (979,457)  (943,421)  (979,421)  (1015,421)  (913,385)  (949,385)  (985,385)  (922,349)  (958,349)  (922,313) 
West plague mountains  (304,1793)  (268,1828)  (268,1792)  (339,1829)  (304,1757)  (340,1757)  (340,1793)  (266,1756)  (303,1864)  (267,1864)  (232,1828)  (232,1792)  (375,1829)  (375,1865)  (339,1865)  (231,1865)  (376,1745)  (376,1781)  (230,1756)  (230,1720)  (266,1720)  (196,1829)  (196,1793)  (411,1817)  (195,1872)  (412,1753)  (194,1757)  (194,1721)  (194,1685)  (160,1834)  (160,1798)  (158,1762)  (158,1726)  (158,1690)  (124,1802)  (122,1766)  (122,1730)  (489,1894)  (525,1891)  (561,1873)  (561,1909)  (597,1873)  (602,1798)  (604,1759)  (609,1834) 
Ash'ari Ziggurat 2  (1094,450) 
Ash'ari Ziggurat 1  (855,446) 
Darrowshire  (523,2152)  (487,2142)  (542,2116)  (578,2101) 